1 2 3 4 5 6 7 8 9 10 11 12 13 14 15 16 16 17 18 19 20 21 22 23 24 25 26 27 28 29 30 31 32 32 33 34 35 36 37 38 39 40 41 42 43 44 45 46 47 48 49 50 51 52 53 54 55 56 57 58 59 60 61 62 63 64 65 66 67 68 69 70 71 72 73 74 75
76 77 77 77 77 77 77 77 77 77 77 77 77 77 77 77 77 77 77 77 78 78 78 78 78 78 78 78 78 79 79 79 79 79 79 79 79 79 80
76 79 79 79 79 79 79 79 79 79 81 82 82 82 82 82 82 82 82 82 83 83 83 83 83 83 83 83 83 84 85 85 86 86 86 86 86 86 86 86 86 86 86 87 87 87 87 87 87 87 87 87 88 89 90 91 92
76 79 79 79 79 79 79 79 79 79 81 82 82 82 82 82 82 82 82 82 82 82 82 82 82 82 82 82 82 83 83 83 85 85 85 85 85 85 85 85 85 85 93 93 93 93 93 93 93 93 93
76 94 79 79 79 79 79 79 79 79 79 95 95 95 95 95 95 95 95 95 95 81 96 82 82 82 82 82 82 82 82 82 82 82 82 82 82 82 82 82 82 82 82 83 83 83 83 83 83 83 83 83 97 84 84 84 84 84 84 84 84 84 98 98 98 98 98 98 98 98 98 99 100 100 100 100 100 100 100 100 100 100 100 100 100 100 100 100 100 100 100 100 101 101 101 101 101 101 101 101 101 101 101 101 101 101 101 101 101 101 102 102 102 102 102 102 102 102 102 103 103 103 103 103 103 103 103 103 104 105 106 106 106 106 106 106 106 106 107 107 107 107 107 107 107 107 107 107 107 107 107 107 107 107 108 108 17 18 19 20 21 109 110 110 110 22 23 24 25 26 27 28 29 111 112 113 113 113 113 113 113 113 113 113 113 113 113 113 113 113 113 113 113 114 115 116 117 117 118 118 118 118 118 118 118 118 119 31 32 32 33 35 36 37 38 39 40 41 42 43 44 44 45 46 47 48 49 50 120 51 52 53 54 55 56 57 61 62 64 65 66 67 68 69 70 71 72 73 74 75
121 122 123 124 125 126 127 128 129 130 131 132 133 134 135 136 137 138
76 107 139 140 140 141 142 143 144 145 146 146 147 147 147 147 147 147 148 149 149 149 149 149 149 150 150 150 151 151 151 151 152 152 153 153 154 154 155 155 156 156 157
158 159 17 18 160 19 20 21 22 23 24 25 26 161 27 28 29
162 163 164 165 166 166 167 168 169 170 171 172 173 174 175 176 177 178 178 179 180 180 181 182 183 183 184 185 186
187 188
76 95 82 82 162 163 164 166 167 170 171 172 173 174 175 177 189 190 191 192 193 194 195 196 197 182 183 183 184 185 186
162 163 164 166 170 171 172 174 189 190 191 192 195 198 199 200 201 202 203 204 205 109 206 207
208 209 210 211 212 213 214 215 216 217 218 218 218 218 219 219 220 220 220 220 221 221 222 222 109 206
76 98 14 223 15 224 225 16 16 226 227 228 228 228 229 229 229 230 230 230 231 232 232 232 233 233 233 234 234 235 235 235 235 236 237 238 239 240 241 242 243 244 17 18 160 19 20 21 109 245 206 22 23 24 25 26 161 27 28 29
246 247 248 248 249 250 250 251 251 252 253 254 255 256 257 258 259 260 261 262 263 264 265 266 267 268 269 270 271 272 273 274 275 276 277 278 279 280 281 282 283 284 285 286
76 77 79 80 102 287 288 289 290 290 291 291 292 293 294 295 296 297 298 299 299 30 30
76 81 84 86 86
17 18 160 19 300 301 20 21
17 18 160 19 20 21 302 303 304 305 306 307 308 309 309 310 311 312 313 314 22 23 24 25 26 161 27 28 29
76 84 315 316 317 317 317 317 317 317 317 317 317 318 319 320 321 322 322 323 324 325 326 327 328 328 328 328 328 329 330 330 331 332 333 334 334 335 336 182 183 183 184 185 186 299 299 337 337 30 30 338 88 89 90 91 92 339 340 341 341 342 342 342 342 342 343 344 345
346 347 348 348 348 348 348 348 348 349 350 351 352
353 354 354 355 356 357 358 359 360 361 362 363 364 364 365 366 367 368 369 370 371 372 373 373 374 375 376 377 378 182 183 183 184 185 186
379 379 379 379 380 182 381 381 183 183 184 185 186
76 79 83 382 383 384 385 386 387 388 389 390 391 392 393 394 395 396 397 398 399 109 400 401 206 402 402 403 404 405 406 407 407 408 409 410 411 412 413 414 415 416 417 418 419 420 421 422 423 424 425 426 427 428 429 430 431 432 433 434 435 436 437 438 439 440 441 442 443 444 445 446
76 83 447 447 448 448 449 450 109 451 451 400 400 452 401 401 453 453 454 455 456 457 457 457 457 458 458 458 459 459 460 460 206 461 461 461 461 462 463 463 464 465 465
208 217 109 466 467 468 469 470 471 472 473
76 83 449 109 474 474 475 476 206 477 477 478 479 341 342 342 342 342 480 343 344
76 447 109 481 206 482 483 484 485 485 486 487 488 489 490 490 491
76 79 83 97 102 449 17 18 19 20 21 315 334 335 382 384 385 492 386 387 389 390 493 391 394 395 396 397 398 399 109 494 495 495 496 497 497 498 499 500 500 500 501 501 502 401 453 503 504 505 505 245 506 474 476 507 508 508 459 509 509 510 511 512 206 110 110 110 110 110 110 110 110 110 110 110 110 110 110 110 110 110 110 110 110 110 110 110 513 513 513 514 515 515 516 517 518 518 519 520 520 521 522 523 524 525 526 526 526 402 402 527 527 528 528 529 530 531 532 533 534 534 534 535 535 535 535 536 536 537 538 538 539 540 541 541 541 541 542 542 477 479 543 544 545 546 547 548 548 22 23 24 25 26 27 28 29 111 112 113 113 114 549 403 404 405 406 407 407 408 409 410 411 412 413 414 415 416 417 418 419 420 421 422 423 424 550 425 426 433 435 436 437 438 439 440 441 443 444 445
109 512 206 551 207 552 552 553 554 554 543 555 556 557 546 558 559
17 18 160 19 20 21 22 560 561 562 23 24 25 26 563 564 565 161 27 28 29
76 77 78 80 109 512 566 567 567 568 568 569 569 570 570 298 298 298 298 571 571 299 299 299 299 572 572 337 337 337 337 337 337 337 337 30 30 573 573 573 573 573 573
76 95 82 82 315 324 335 574 575 575 575 575 575 575 575 575 575 575 575 575 575 575 575 575 575 575 575 575 576 577 578 579 579 579 580 111 112 113 113 113 581 582 114 583 584 585 585 586 587 588 589 590 591 592 593 594 595 596 597 598 599 600
14 15 233 233 17 18 19 20 21 109 206 22 23 24 25 26 27 28 29 31 32 32 33 33 33 33 33 33 33 33 33 601 602 35 36 603 37 38 39 40 40 40 40 40 40 41 42 43 44 44 44 44 44 44 44 44 44 45 46 47 48 49 50 120 51 604 604 605 606 607 52 608 53 54 55 56 57 61 62 64 65 66 67 68 69 70 71 72 73 74 75
76 95 82 82 315 324 335 111 112 113 113 113 113 113 113 113 113 113 113 113 113 113 113 113 113 113 113 609 610 581 582 114 583 584 585 585 585 586 611 115 587 588 589 590 591 592 593 594 595 596 597 598 599 600
76 95 82 82 315 324 335 111 112 113 581 582 114 583 584 585 585 586 587 116 117 118 612 613 614 615 615 616 119 617 588 589 590 591 592 593 594 595 596 597 598 599 600
76 95 82 82 116 117 118 118 118 118 118 118 118 118 118 118 118 118 118 118 118 118 118 118 618 619 612 620 613 614 615 615 615 615 616 119 617 588 589 590
14 15 233 233 17 18 19 20 21 109 206 22 23 24 25 26 27 28 29 31 32 32 33 33 33 33 33 33 33 33 33 601 602 35 36 603 37 38 39 40 40 40 40 40 40 41 42 43 44 44 44 44 44 44 44 44 44 45 46 47 48 49 50 120 51 604 604 605 606 607 52 608 53 54 55 56 57 61 62 64 65 66 67 68 69 70 71 72 73 74 75
14 15 233 233 17 18 19 20 21 109 206 22 23 24 25 26 27 28 29 31 32 32 33 33 33 33 33 33 33 33 33 601 602 35 36 603 37 38 39 40 40 40 40 40 40 41 42 43 44 44 44 44 44 44 44 44 44 45 46 47 48 49 50 120 51 604 604 605 606 607 52 608 53 54 55 56 57 61 62 64 65 66 67 68 69 70 71 72 73 74 75
76 17 18 19 20 21 22 23 24 25 26 27 28 29 621 621 622 623 624 625 626 627 627 628 629 629 31 32 32 33 602 35 36 37 38 39 40 41 42 43 44 45 46 47 48 49 50 51 52 53 54 55 56 57 61 62 64 65 66 67 68 69 70 71 72 73 74 75
14 15 233 233 17 18 19 20 21 109 206 22 23 24 25 26 27 28 29 31 32 32 33 33 33 33 33 33 33 33 33 601 602 35 36 603 37 38 39 40 40 40 40 40 40 41 42 43 44 44 44 44 44 44 44 44 44 45 46 47 48 49 50 120 51 604 604 605 606 607 52 608 53 54 55 56 57 61 62 64 65 66 67 68 69 70 71 72 73 74 75
14 15 233 233 17 18 19 20 21 109 206 22 23 24 25 26 27 28 29 31 32 32 33 33 33 33 33 33 33 33 33 601 602 35 36 603 37 38 39 40 40 40 40 40 40 41 42 43 44 44 44 44 44 44 44 44 44 45 46 47 48 49 50 120 51 604 604 605 606 607 52 608 53 54 55 56 57 61 62 64 65 66 67 68 69 70 71 72 73 74 75
14 15 233 233 17 18 19 20 21 109 206 22 23 24 25 26 27 28 29 630 631 632 633 634 635 636 637 638 639 640 641 31 32 32 33 33 33 33 33 33 33 33 33 601 602 35 36 603 37 38 39 40 40 40 40 40 40 41 42 43 44 44 44 44 44 44 44 44 44 45 46 47 48 49 50 120 51 604 604 605 606 607 52 608 53 54 55 56 57 59 642 60 61 62 64 65 643 644 645 646 647 66 67 68 69 70 71 72 73 74 75
14 15 233 233 17 18 19 20 21 315 328 335 109 206 22 23 24 25 26 27 28 29 621 621 622 623 624 625 648 649 650 651 652 653 628 628 628 628 31 32 32 32 33 33 33 33 33 33 33 33 33 33 33 33 33 33 33 33 33 33 33 33 33 33 33 33 33 33 33 33 601 654 34 602 35 36 655 656 656 656 656 603 37 38 39 40 40 40 40 40 40 40 40 40 40 40 40 40 40 40 40 40 40 41 42 43 657 44 44 44 44 44 44 44 44 44 44 44 44 44 44 44 44 44 44 44 44 45 46 47 48 49 50 120 51 604 604 605 606 607 658 52 608 53 54 55 659 56 57 61 62 64 65 66 67 68 69 70 71 72 73 74 75
17 18 19 20 21 22 23 24 25 26 27 28 29 31 32 32 33 602 38 39 40 41 43 44 46 47 48 49 50 51 52 53 54 55 56 61 62 64 65 66 67 68 69 70 71 72 73 74 75
17 18 19 20 21 22 23 24 25 26 27 28 29 38 39 660 661 662 663 664 665 666 658 667 668 669 670 59 642 60 61 62 671 64 65 643 644 645 646 647 66 67 68 69 71 72 73 74 75
672 673
674 675
676 676 677 678 679 680 681 682 683 684 685 686 687 688 689 689 690 691 692 693
694 694 695 696 697 698 699 700 701 702 703 704 705 706 706 707 708 709 710
676 676 681 684 685 711 711 712 713
689 689 714 714 690 715 716 717 691 718 692 719 720 721 722 693 723 724 725 725 726 727 728 729 730
315 324 335 728 731 729 730 732 733
734 735
676 676 677 678 679 680 681 682 683 684 685 686 687 688 689 690 691 692 693 736 736 737 738 739 739 740 740 741 742 743 744 745 746 747
748 748 749 750 751 752 753 754 755 756 757 758 759 760
298 30 761 761 761 762 763 764 765 766 767 768 769 770 771 772 773
76 98 14 15 235 235 242 298 30 761 761 761 762 763 764 765 766 767 770 772 773 774 775 776 777 778 779 780 781 782 783 784 784 785 786 786
381 381 183 183 109 455 206 787 787 787 787 787 788 788 789 790 791 792 793 794 795 796 796 797 798 798 799 800 801 802 803 804 804 805 806 591 592 593 594 595 597 598
381 381 183 183 109 455 206 807 807 807 807 807 808 808 809 810 811 812 813 814 815 816 816 797 798 798 799 800 801 802 803 804 804 805 806 591 592 593 594 595 597 598
381 381 183 183 109 455 797 798 798 799 800 801 802 803 804 804 805 806 591 592 593 594 595 597 598
76 14 15 233 233 233 17 18 19 20 21 109 505 206 22 23 24 25 26 27 28 29 805 817 818 818 819 820 821 822 823 824 806 825 826 827 828 829 829 830 830 831 831 831 832
833 834 835 836 837 838 839 840 841 842 843 844 845 845 845 845 846 847 848 849 850 851 852 853 854 855 856 857 858 859 860 861 862 863 864
865 866 866 866 866 866 866 867 867 867 867 867 867
109 512 206 157 868 869 870 871 872 873 874 875 876 877 878 879 879 879 879 879 879 879 879 879 879 879 879 880 880 880 880 880 880 880 880 880 880 880 880 881 881 882 882 883 883 884 884 885 885 886 886 887
888 888 888 889 890 891 892 892 893 894 895 896 896 896 897 898
899 899 899 899 900 900 901 902 902 903 904 905 906 907 908 909 910 911 912 912 912 913 913 914 915
916 916 916 916 917 917 918 918 919 920 921 922 923 924 925 926 927 928 929 930 930 930 931 931 932 933
934 934 934 934 935 935 936 936 937 938 939 940 941 942 943 944 945 946 947 948 948 948 949 949 950 951
88 88 88 88 952 952 89 89 953 954 955 956 957 958 90 91 959 92 92 92 960 960 961 962 963 964 965 966
963 963 963 963 967 967 964 964 968 969 970 971 972 973 974 965 975 966 966 966 976 976 977 978
339 339 979 340 980 981 982
983 983 983 983 984 984 985 985 986 987 988 989 990 991 992 993 994 995 995 995 996 997 997 998 999
76 98 14 15 235 235 239 242 243 157 1000 1000 1001 1002 1002 1003 1003 780 1004 1005 1006 1007 781 782 783 1008
76 78 14 15 16 16 1009 1010 1011 1012 1012 1013 1013 1014 1014 1015 1015 1016 1016 1016 1016 1017 1017 1017 1017 1018 1018 1019 1019 1020 1020 1020 1020 1021 1021 1021 1021 780 781 782 783
76 98 14 15 235 235 235 239 242 243 17 18 160 19 20 21 22 23 24 25 26 161 27 28 29 157 780 1004 1005 1006 1007 781 782 783 1008 784 784 1022 1023 785 1024 1024 1025 1025 786 786 1026 1026
76 79 14 15 235 235 239 243 17 18 160 19 20 21 382 386 394 395 397 398 22 23 24 25 26 161 27 28 29 1027 1028 1029 1030 1031 1032 1033 1033 1034 1034 1034 1034 1035 1036 1036 1036 1036 1036 1036 1037 1038 1039 1040 1041 1042 403 404 405 407 407 408 409 411 412 413 414 415 416 417 418 419 420 421 422 423 424 425 426 433 436 437 438 439 440 441 443 445
17 18 160 19 20 21 315 324 326 333 335 22 23 24 25 26 161 27 28 29 298 1049 1049 1049 1049 1050 1051 1052 1053 1054 1055 1056 1057 1058 1059 1060 1061 1062 1063 1064 1065 1066 1067 1068 1069 1070
315 323 335 298 1071 1071 1071 1071
17 18 19 20 21 315 334 335 22 23 24 25 26 27 28 29 341 341 341 342 342 342 342 342 342 342 342 342 342 342 342 342 342 342 342 342 342 342 342 342 342 342 1072 1072 1072 1073 1073 1074 1074 1075 1076 1077 1078 1078 1078 1078 1078 1078 1079 1079 1079 1080 1080 1080 1080 1080 1080 1080 1080 1080 1080 1080 1080 1080 1080 1080 1080 1080 1081 343 1082 1083 1084 1084 1084 1084 1084 1084 1084 1084 1084 1084 1085 344 1086 1087 1088 345 1089
76 109 206 341 341 341 342 342 342 342 342 342 342 342 342 342 1072 1073 1074 1090 1091 1092 1093 1094 480 1081 1095 1095 1095 1096 1097 1097 1097 1098 1099 1099 1099 1100 1101 343 1102 1102 1103 1082 1082 1104 1083 1105 1106 1106 1106 1106 1106 1106 1085 1107 1107 1107 1107 1107 1107 1108 344 1109 1110 1111 1111 1112 1112 1112 1113 1113 1113 1114 1114 1115 1116 1117 1118 1086 1087 1088 1119 1120 1121 1121 1122 1122 345 1123 1124 1125 1126 1127 1128 1129 1130 1131 1131 1132 1133 1134 1135 1136 1137 1138 1139 1140 1141 1141 1141 1141 1141 1062 1063 1142 1143 1144 1145 1146 1065 1147 1148 1149 1066 1150 1067 1068 1069 1151 1152 1153 1070 1154 1155 1155 1156 1157 1158 1159 1160 1161 1162 1163 1164 1165 1166 1167 1168 1169 1170 1171 1172 1173 1174 1175 1176 1177 1178 1179 1180
1181 1182 1183 1184 1185 1186 1187
109 206 1062 1063 1142 1188 1188 1143 1144 1064 1145 1189 1190 1146 1065 1147 1148 1149 1066 1150 1067 1068 1069 1151 1152 1153 1070 1191
315 334 335 109 206 339 982 341 341 341 342 342 342 342 342 342 342 342 342 342 342 342 342 342 342 1079 1098 1100 343 1082 344 1111 1114 345 1126 1181 1182 1183 1185 1186 1187 1062 1063 1142 1143 1147 1066 1067 1069 1152 1153 1070 1192 1193 1193 1193 1193 1193 1193 1193 1194 1195 1196 1197 1198 1199 1200 1200 1200 1200 1200 1200 1200 1200 1200 1200 1200 1200 1200 1200 1201 1201 1201 1201 1201 1201 1202 1203 1204 1205 1206 1206 1207 1208 1209 1209 1210 1211 1211
76 79 108 108 17 18 19 20 21 315 324 335 109 206 22 23 24 25 26 27 28 29 31 32 32 33 35 36 37 38 39 40 41 42 43 44 44 45 46 47 48 49 50 120 51 52 53 54 55 56 57 61 62 64 65 66 67 68 69 70 71 72 73 74 75 341 341 342 342 342 342 342 1081 343 344 1088 1121 1126 1062 1063 1142 1143 1144 1145 1189 1146 1065 1147 1148 1149 1066 1150 1067 1068 1069 1151 1152 1153 1070 1191 1154 1155 1155 1155 1155 1155 1155 1155 1156 1156 1157 1158 1212 1213 1214 1215 1215 1215 1159 1160 1161 1162 1216 1217 1217 1217 1163 1218 1164 1165 1219 1220 1166 1221 1167 1222 1223 1168 1168 1224 1225 1169 1170 1226 1171 1171 1171 1172 1172 1227 1173 1228 1174 1175 1229 1176 1230 1177 1178 1179 1231 1180
17 18 19 20 21 109 206 22 23 24 25 26 27 28 29 1232 1233 1233 1234 1234 1235 1235 1236 549 1237 1237 1238 1238
411 1239 416 418 422
405 425 426
405 407 407 409 410 427 427 428 429 430 431 432
405 407 407 433 434 435 436 437 438 439
405 407 407 440 441 442
405 406 407 407 409 410 443 1240 1241 1242 1243 444
405 407 407 445 446
298 1244 1245 1246 1246 1246 1246 1246 1246 1246 1246 1246 1246 1246 1247 1247 1247 1247 1248 1249 1250 1250 1251 1251 1251 1252 1253 1254 1255 1255 1256 1257 1258 1259 1260 1261 1262 1263 1264 1265 1266 1267 1268 1269 1270 1271 1272 1273 1274 1275 1276 1277 1278 1278 1279 1280 1281 1282 1283 1284 1285 1286 1287 1288 1288 1288 1289 1290 1291 1292 1293 1294 1295 1296 1297 1298 1299 1300 1300 1301 1302 1303 1304 1305 1306 1307 1308 1309 1310 1311 1312 1313 1314 1314 1315 1316 1317 1317 1318 1319 1320 1321 1321 1322 1323 1324 1324 1325 1326 1327 1328 1329 1330 1331
1332 1333 1333 1334 1334 1335 1335 1336 1336 1337 1337 1338 1338 1339
298 1244 1332 1340 1341 1342 1343 1343 1343 1344 1344 1344 1248 1249 1250 1250 1251 1251 1254 1255 1255 1256 1257 1258 1259 1260 1261 1262 1264 1265 1266 1267 1268 1269 1270 1271 1272 1273 1274 1275 1276 1278 1278 1279 1280 1281 1282 1283 1284 1285 1286 1287 1288 1288 1288 1291 1292 1293 1294 1295 1296 1297 1298 1299 1300 1300 1301 1302 1304 1305 1307 1308 1309 1311 1312 1313 1314 1314 1315 1316 1317 1317 1318 1326 1327 1328 1329 1331
17 18 160 19 20 21 22 23 24 25 26 161 27 28 29 298 1244 1332 1345 1340 1346 1347 1341 1348 1349 1350 1351 1352 1353 1353 1353 1354 1354 1355 1355 1356 1357 1357 1357 1342 1358 1358 1359 1359 1360 1343 1343 1343 1361 1362 1363 1364 1365 1366 1367 1368 1369 1344 1344 1344 1370 1371 1372 1372 1373 1248 1249 1250 1251 1251 1253 1254 1255 1255 1256 1257 1258 1259 1260 1261 1262 1264 1265 1266 1267 1268 1269 1270 1271 1272 1273 1274 1275 1276 1278 1278 1279 1280 1281 1282 1283 1284 1285 1286 1287 1288 1290 1291 1292 1293 1294 1295 1296 1297 1298 1299 1300 1300 1301 1302 1304 1305 1307 1308 1309 1310 1311 1312 1313 1314 1314 1315 1316 1317 1317 1318 1326 1327 1328 1329 1331
109 206 513 526 526 402 530 298 1244 1374 1375 1376 1377 1377 1378 1379 1380 1381 1381 1382 1383 1383 1384 1385 1386 1387 1388 1389 1248 1249 1250 1251 1251 1254 1255 1255 1256 1257 1258 1259 1260 1261 1262 1264 1265 1266 1267 1268 1269 1270 1271 1272 1273 1274 1275 1276 1278 1278 1279 1280 1281 1282 1283 1284 1285 1286 1288 1288 1291 1293 1294 1295 1296 1297 1298 1299 1300 1300 1301 1302 1304 1305 1307 1308 1309 1310 1311 1312 1313 1314 1314 1315 1316 1317 1317 1318 1326 1327 1328 1329 1331
298 1248 1249 1390 1250 1391 1391 1391 1391 1392 1392 1392 1392 1251 1251 1251 1251 1251 1252 1253 1393 1393 1393 1393 1394 1395 1254 1255 1255 1256 1257 1258 1259 1260 1261 1262 1264 1265 1266 1267 1396 1397 1268 1269 1398 1270 1399 1271 1272 1273 1274 1275 1276 1400 1401 1278 1278 1280 1281 1282 1283 1402 1284 1285 1286 1403 1288 1288 1289 1290 1404 1405 1291 1292 1293 1294 1295 1296 1297 1298 1299 1300 1300 1301 1302 1304 1305 1307 1406 1407 1408 1409 1410 1308 1309 1310 1311 1411 1412 1312 1313 1314 1314 1315 1316 1317 1317 1318 1413 1414 1415 1319 1320 1322 1323 1325 1326 1327 1416 1417 1417 1328 1328 1418 1419 1329 1330 1331
381 381 183 183 1248 1249 1390 1251 1252 1253 1394 1420 1421 1422 1254 1255 1255 1256 1257 1258 1259 1423 1260 1261 1262 1263 1264 1265 1266 1267 1396 1396 1424 1268 1425 1269 1398 1270 1399 1271 1426 1272 1273 1274 1275 1276 1277 1400 1401 1278 1278 1280 1281 1427 1282 1283 1402 1284 1285 1403 1289 1290 1404 1428 1291 1293 1294 1429 1295 1296 1298 1299 1301 1302 1304 1305 1307 1308 1309 1311 1411 1412 1430 1431 1312 1313 1315 1316 1318 1413 1414 1415 1319 1320 1322 1323 1325 1326 1327 1328 1418 1329 1330 1331
381 381 183 183 298 1248 1249 1390 1250 1250 1250 1251 1252 1253 1394 1420 1422 1254 1255 1255 1256 1257 1258 1259 1260 1261 1262 1264 1265 1266 1267 1424 1268 1269 1270 1271 1272 1273 1274 1275 1276 1278 1278 1280 1281 1282 1283 1284 1285 1286 1287 1403 1288 1288 1288 1288 1289 1290 1404 1405 1428 1291 1292 1293 1294 1429 1295 1296 1297 1298 1299 1300 1300 1301 1302 1303 1304 1305 1306 1307 1406 1407 1408 1409 1432 1410 1308 1309 1310 1311 1312 1313 1314 1314 1315 1316 1317 1317 1318 1413 1414 1433 1433 1415 1319 1320 1321 1321 1322 1323 1324 1324 1325 1326 1327 1328 1418 1329 1330 1331
381 381 183 183 1256 1257 1258 1259 1423 1434 1260 1261 1262 1263 1435 1264 1436 1265 1437 1438 1266 1267 1396 1396 1424 1439 1268 1425 1269 1398 1270 1399 1271 1426 1272 1273 1274 1275 1276 1277 1400 1401 1278 1278 1280 1281 1427 1282 1283 1402 1326 1418 1329 1331
381 381 183 183 298 1284 1285 1286 1287 1403 1288 1288 1288 1288 1289 1290 1404 1405 1428 1291 1292 1293 1294 1429 1295 1440 1296 1297 1298 1299 1300 1300 1301 1302 1303 1304 1305 1306 1307 1406 1407 1408 1409 1432 1410 1308 1309 1310 1311 1312 1313 1314 1314 1315 1316 1317 1317 1318 1413 1414 1433 1433 1415 1319 1320 1321 1321 1322 1323 1324 1324 1325 1326 1418 1329 1331
109 513 526 1374 1376 1377 1377 1378 1382 1383 1384 1386 1387 1388 1441 1442 1443 1444 1445 1446 1447 1448 1449 1450 1451 1452 1453 1454 1455
315 324 335 591 592 593 1456 594 595 596 597 598 599 1457
315 324 335 1458 1459 1460 1461 1462 1463 1464 1465 1466 1467 1468 1469 1470 1471 1472
315 324 335 1473 1473 1474 1475 1476 1477 1478 594 595 596 597 598 599 1457
315 324 335 1463 1463 1464 1465 1466 1467 1479 1480 1481 1468 1469 1470 1471 1472
315 324 335 574 575 575 580 591 592 593 1456 1473 1474 1475 1476 1478 1482 594 595 595 596 597 598 599 600 1457 1457
315 324 335 574 575 575 580 1458 1459 1460 1461 1462 1463 1464 1465 1466 1467 1468 1469 1469 1470 1471 1483 1472 1472
