11 13 15 16 19 34 72 73 
11 13 15 16 19 34 72 73 
11 13 17 19 34 72 73 
11 13 17 19 34 72 73 
11 13 18 19 34 72 73 
11 13 18 19 34 72 73 
1 2 3 4 6 7 8 9 10 11 13 19 21 23 25 34 45 46 47 48 49 50 51 52 53 54 55 56 57 65 66 68 70 72 73 80 81 
1 2 3 4 6 7 8 9 11 13 19 20 34 45 46 47 48 49 50 51 52 53 54 55 56 57 65 66 68 70 72 73 80 81 
11 13 19 20 27 34 36 37 38 41 42 43 64 65 66 67 69 70 72 73 
10 11 13 19 21 22 23 24 25 26 27 29 30 31 32 34 36 37 38 41 42 43 64 65 66 67 69 70 71 72 73 
11 13 19 20 27 34 36 37 38 41 42 43 64 65 66 67 69 70 72 73 
11 13 19 20 27 34 36 37 38 41 42 43 64 65 66 67 69 70 72 73 
1 2 3 4 6 7 8 9 10 11 13 19 21 22 23 24 25 26 29 30 31 32 34 45 46 47 48 49 50 51 52 53 54 55 56 57 65 66 68 70 71 72 73 80 81 
1 2 3 4 6 7 8 9 11 13 19 20 34 45 46 47 48 49 50 51 52 53 54 55 56 57 65 66 68 70 72 73 80 81 
1 2 3 4 6 7 8 9 10 11 13 19 21 22 23 24 25 26 29 30 31 32 34 45 46 47 48 49 50 51 52 53 54 55 56 57 65 66 68 70 71 72 73 80 81 
1 2 3 4 6 7 8 9 11 13 19 20 34 45 46 47 48 49 50 51 52 53 54 55 56 57 65 66 68 70 72 73 80 81 
1 2 3 4 6 7 8 9 11 13 19 21 22 23 24 25 26 29 30 31 32 33 34 45 46 47 48 49 50 51 52 53 54 55 56 57 65 66 68 70 71 72 73 80 81 
1 2 3 4 6 7 8 9 10 11 13 19 21 22 23 24 25 26 29 30 31 32 33 34 45 46 47 48 49 50 51 52 53 54 55 56 57 65 66 68 70 71 72 73 80 81 
1 2 3 4 6 7 8 9 11 13 19 21 22 23 24 25 26 29 30 31 32 33 34 45 46 47 48 49 50 51 52 53 54 55 56 57 65 66 68 70 71 72 73 80 81 
11 13 19 20 27 34 36 37 38 41 42 43 64 65 66 67 69 72 73 
10 11 13 19 21 23 25 27 34 36 37 38 41 42 43 64 65 66 67 69 72 73 
11 13 19 20 27 34 36 37 38 41 42 43 64 65 66 67 69 72 73 
1 2 3 4 6 7 8 9 10 11 13 19 21 22 23 24 25 26 29 30 31 32 34 45 46 47 48 49 50 51 52 53 54 55 56 57 65 66 68 70 71 72 73 78 80 81 
1 2 3 4 6 7 8 9 11 13 19 20 34 45 46 47 48 49 50 51 52 53 54 55 56 57 65 66 68 70 72 73 78 80 81 
1 2 3 4 6 7 8 9 10 11 13 19 21 22 23 24 25 26 29 30 31 32 34 45 46 47 48 49 50 51 52 53 54 55 56 57 65 66 68 70 71 72 73 80 81 
1 2 3 4 6 7 8 9 11 13 19 20 34 45 46 47 48 49 50 51 52 53 54 55 56 57 65 66 68 70 72 73 80 81 
1 2 3 4 6 7 8 9 10 11 13 19 21 22 23 24 25 26 29 30 31 32 34 45 46 47 48 49 50 51 52 53 54 55 56 57 65 66 68 70 71 72 73 80 81 
1 2 3 4 6 7 8 9 10 11 13 19 21 22 23 24 25 26 29 30 31 32 34 45 46 47 48 49 50 51 52 53 54 55 56 57 65 66 68 70 71 72 73 80 81 
1 2 3 4 6 7 8 9 10 11 13 19 21 22 23 24 25 26 29 30 31 32 34 45 46 47 48 49 50 51 52 53 54 55 56 57 65 66 68 70 71 72 73 80 81 
1 2 3 4 6 7 8 9 10 11 13 19 21 22 23 24 25 26 29 30 31 32 34 45 46 47 48 49 50 51 52 53 54 55 56 57 65 66 68 70 71 72 73 80 81 
1 2 3 4 6 7 8 9 10 11 13 19 21 22 23 24 25 26 29 30 31 32 34 45 46 47 48 49 50 51 52 53 54 55 56 57 65 66 68 70 71 72 73 80 81 
1 2 3 4 6 7 8 9 10 11 13 19 21 22 23 24 25 26 29 30 31 32 34 45 46 47 48 49 50 51 52 53 54 55 56 57 65 66 68 70 71 72 73 80 81 
1 2 3 4 6 7 8 9 10 11 13 19 21 22 23 24 25 26 29 30 31 32 34 45 46 47 48 49 50 51 52 53 54 55 56 57 65 66 68 70 71 72 73 80 81 
1 2 3 4 6 7 8 9 10 11 13 19 21 22 23 24 25 26 29 30 31 32 34 45 46 47 48 49 50 51 52 53 54 55 56 57 65 66 68 70 71 72 73 80 81 
1 2 3 4 6 7 8 9 11 13 19 20 34 45 46 47 48 49 50 51 52 53 54 55 56 57 65 66 68 70 72 73 80 81 
1 2 3 4 6 9 11 13 19 20 34 45 46 47 48 49 50 51 53 55 57 65 66 68 70 72 73 80 81 
1 2 3 4 6 9 11 13 19 20 34 45 46 47 48 49 50 51 53 55 57 65 66 68 70 72 73 80 81 
1 2 3 4 6 7 8 9 11 13 19 20 34 45 46 47 48 49 50 51 52 53 54 55 56 57 65 66 68 70 72 73 80 81 
11 13 19 20 27 34 36 37 38 41 42 43 64 65 66 67 69 70 72 73 
1 2 3 4 5 6 7 8 9 11 13 19 20 34 45 46 47 48 49 50 51 53 55 56 65 66 68 70 72 73 80 81 
11 13 19 20 27 34 36 37 38 41 42 43 63 64 65 66 67 69 70 72 73 
11 13 19 20 27 34 59 66 67 70 72 73 
11 13 19 20 27 34 36 37 38 41 42 43 63 64 65 66 67 69 70 72 73 
11 13 19 20 27 34 60 61 62 65 66 67 69 70 72 73 
1 2 3 4 6 7 8 9 11 13 19 20 34 45 46 47 48 49 50 51 52 53 54 55 56 57 65 66 68 70 72 73 80 81 
1 2 3 4 6 7 8 9 11 13 19 20 34 45 46 47 48 49 50 51 52 53 54 55 56 57 65 66 68 70 72 73 80 81 
1 2 3 4 6 7 8 9 11 13 19 20 34 45 46 47 48 49 50 51 52 53 54 55 56 57 65 66 68 70 72 73 80 81 
11 13 19 20 27 34 36 37 38 41 42 43 64 65 66 67 69 70 72 73 
1 2 3 4 6 7 8 9 11 13 19 20 34 45 46 47 48 49 50 51 53 55 56 57 65 66 68 70 72 73 80 81 
11 13 19 20 27 34 39 42 43 64 65 66 67 69 70 72 73 
11 13 19 20 27 34 35 66 67 72 73 76 
1 2 3 4 6 7 8 9 11 13 19 21 22 23 24 25 26 29 30 31 32 34 45 46 47 48 49 50 51 52 53 54 55 56 57 65 66 68 70 71 72 73 80 81 
1 2 3 4 6 7 8 9 11 13 19 20 34 45 46 47 48 49 50 51 52 53 54 55 56 57 65 66 68 70 72 73 80 81 
11 13 19 20 27 34 36 37 38 41 42 43 64 65 66 67 69 70 72 73 
11 13 19 21 23 25 34 72 73 
1 2 3 4 6 7 8 9 11 13 19 20 34 45 46 47 48 49 50 51 52 53 54 55 56 57 65 66 68 70 72 73 78 80 81 
1 2 3 4 6 7 8 9 11 13 19 20 34 45 46 47 48 49 50 51 52 53 54 55 56 57 65 66 68 70 72 73 78 80 81 
1 2 3 4 6 7 8 9 11 13 19 20 34 45 46 47 48 49 50 51 52 53 54 55 56 57 65 66 68 70 72 73 78 80 81 
1 2 3 4 6 7 8 9 11 13 19 20 34 45 46 47 48 49 50 51 52 53 54 55 56 57 65 66 68 70 72 73 78 80 81 
1 2 3 4 6 7 8 9 11 13 19 20 34 45 46 47 48 49 50 51 52 53 54 55 56 57 65 66 68 70 72 73 78 80 81 
1 2 3 4 6 7 8 9 11 13 19 20 34 45 46 47 48 49 50 51 52 53 54 55 56 57 65 66 68 70 72 73 78 80 81 
1 2 3 4 6 7 8 9 11 13 19 20 34 45 46 47 48 49 50 51 52 53 54 55 56 57 65 66 68 70 72 73 78 80 81 
1 2 3 4 6 7 8 9 11 13 19 20 34 45 46 47 48 49 50 51 52 53 54 55 56 57 65 66 68 70 72 73 78 80 81 
1 2 3 4 6 7 8 9 11 13 19 20 34 45 46 47 48 49 50 51 52 53 54 55 56 57 65 66 68 70 72 73 78 80 81 
1 2 3 4 6 7 8 9 11 13 19 20 34 45 46 47 48 49 50 51 52 53 54 55 56 57 65 66 68 70 72 73 78 80 81 
1 2 3 4 6 7 8 9 11 13 19 20 34 45 46 47 48 49 50 51 52 53 54 55 56 57 65 66 68 70 72 73 80 81 
1 2 3 4 6 7 8 9 11 13 19 20 34 45 46 47 48 49 50 51 52 53 54 55 56 57 65 66 68 70 72 73 80 81 
1 2 3 4 6 7 8 9 11 13 19 20 34 45 46 47 48 49 50 51 52 53 54 55 56 57 65 66 68 70 72 73 80 81 
1 2 3 4 6 7 8 9 11 13 19 20 34 45 46 47 48 49 50 51 52 53 54 55 56 57 65 66 68 70 72 73 80 81 
1 2 3 4 6 7 8 9 11 13 19 20 34 45 46 47 48 49 50 51 52 53 54 55 56 57 65 66 68 70 72 73 80 81 
1 2 3 4 6 7 8 9 11 13 19 20 34 45 46 47 48 49 50 51 52 53 54 55 56 57 65 66 68 70 72 73 80 81 
1 2 3 4 6 7 8 9 11 13 19 20 34 45 46 47 48 49 50 51 52 53 54 55 56 57 65 66 68 70 72 73 80 81 
1 2 3 4 6 7 8 9 11 13 19 20 34 45 46 47 48 49 50 51 52 53 54 55 56 57 65 66 68 70 72 73 80 81 
1 2 3 4 6 7 8 9 11 13 19 20 34 45 46 47 48 49 50 51 52 53 54 55 56 57 65 66 68 70 72 73 80 81 
1 2 3 4 6 7 8 9 11 13 19 20 34 45 46 47 48 49 50 51 52 53 54 55 56 57 65 66 68 70 72 73 80 81 
1 2 3 4 6 7 8 9 11 13 19 20 34 45 46 47 48 49 50 51 52 53 54 55 56 57 65 66 68 70 72 73 78 80 81 
1 2 3 4 6 7 8 9 11 13 19 20 34 45 46 47 48 49 50 51 52 53 54 55 56 57 65 66 68 70 72 73 78 80 81 
1 2 3 4 6 7 8 9 11 13 19 20 34 45 46 47 48 49 50 51 52 53 54 55 56 57 65 66 68 70 72 73 78 80 81 
1 2 3 4 6 7 8 9 11 13 19 20 34 45 46 47 48 49 50 51 52 53 54 55 56 57 65 66 68 70 72 73 78 80 81 
1 2 3 4 6 7 8 9 11 13 19 20 34 45 46 47 48 49 50 51 52 53 54 55 56 57 65 66 68 70 72 73 78 80 81 
1 2 3 4 6 7 8 9 11 13 19 20 34 45 46 47 48 49 50 51 52 53 54 55 56 57 65 66 68 70 72 73 78 80 81 
1 2 3 4 6 7 8 9 11 13 19 20 34 45 46 47 48 49 50 51 52 53 54 55 56 57 65 66 68 70 72 73 78 80 81 
1 2 3 4 6 7 8 9 11 13 19 20 34 45 46 47 48 49 50 51 52 53 54 55 56 57 65 66 68 70 72 73 78 80 81 
1 2 3 4 6 7 8 9 11 13 19 20 34 45 46 47 48 49 50 51 52 53 54 55 56 57 65 66 68 70 72 73 78 80 81 
1 2 3 4 6 7 8 9 11 13 19 20 34 45 46 47 48 49 50 51 52 53 54 55 56 57 65 66 68 70 72 73 78 80 81 
1 2 3 4 6 7 8 9 11 13 19 20 34 45 46 47 48 49 50 51 52 53 54 55 56 57 65 66 68 70 72 73 80 81 
1 2 3 4 6 7 8 9 11 13 19 20 34 45 46 47 48 49 50 51 52 53 54 55 56 57 65 66 68 70 72 73 80 81 
1 2 3 4 6 7 8 9 11 13 19 20 34 45 46 47 48 49 50 51 52 53 54 55 56 57 65 66 68 70 72 73 80 81 
1 2 3 4 6 7 8 9 11 13 19 20 34 45 46 47 48 49 50 51 52 53 54 55 56 57 65 66 68 70 72 73 80 81 
1 2 3 4 6 7 8 9 11 13 19 20 34 45 46 47 48 49 50 51 52 53 54 55 56 57 65 66 68 70 72 73 80 81 
1 2 3 4 6 7 8 9 11 13 19 20 34 45 46 47 48 49 50 51 52 53 54 55 56 57 65 66 68 70 72 73 80 81 
1 2 3 4 6 7 8 9 11 13 19 20 34 45 46 47 48 49 50 51 52 53 54 55 56 57 65 66 68 70 72 73 80 81 
1 2 3 4 6 7 8 9 11 13 19 20 34 45 46 47 48 49 50 51 52 53 54 55 56 57 65 66 68 70 72 73 80 81 
1 2 3 4 6 7 8 9 11 13 19 20 34 45 46 47 48 49 50 51 52 53 54 55 56 57 65 66 68 70 72 73 80 81 
1 2 3 4 6 7 8 9 11 13 19 20 34 45 46 47 48 49 50 51 52 53 54 55 56 57 65 66 68 70 72 73 80 81 
1 2 3 4 6 7 8 9 11 13 19 20 34 45 46 47 48 49 50 51 52 53 54 55 56 57 65 66 68 70 72 73 78 80 81 
1 2 3 4 6 7 8 9 11 13 19 20 34 45 46 47 48 49 50 51 52 53 54 55 56 57 65 66 68 70 72 73 78 80 81 
1 2 3 4 6 7 8 9 11 13 19 20 34 45 46 47 48 49 50 51 52 53 54 55 56 57 65 66 68 70 72 73 78 80 81 
1 2 3 4 6 7 8 9 11 13 19 20 34 45 46 47 48 49 50 51 52 53 54 55 56 57 65 66 68 70 72 73 78 80 81 
1 2 3 4 6 7 8 9 11 13 19 20 34 45 46 47 48 49 50 51 52 53 54 55 56 57 65 66 68 70 72 73 78 80 81 
1 2 3 4 6 7 8 9 11 13 19 20 34 45 46 47 48 49 50 51 52 53 54 55 56 57 65 66 68 70 72 73 78 80 81 
1 2 3 4 6 7 8 9 11 13 19 20 34 45 46 47 48 49 50 51 52 53 54 55 56 57 65 66 68 70 72 73 78 80 81 
1 2 3 4 6 7 8 9 11 13 19 20 34 45 46 47 48 49 50 51 52 53 54 55 56 57 65 66 68 70 72 73 78 80 81 
1 2 3 4 6 7 8 9 11 13 19 20 34 45 46 47 48 49 50 51 52 53 54 55 56 57 65 66 68 70 72 73 78 80 81 
1 2 3 4 6 7 8 9 11 13 19 20 34 45 46 47 48 49 50 51 52 53 54 55 56 57 65 66 68 70 72 73 78 80 81 
1 2 3 4 6 7 8 9 11 13 19 20 34 45 46 47 48 49 50 51 52 53 54 55 56 57 65 66 68 70 72 73 80 81 
1 2 3 4 6 7 8 9 11 13 19 20 34 45 46 47 48 49 50 51 52 53 54 55 56 57 65 66 68 70 72 73 80 81 
1 2 3 4 6 7 8 9 11 13 19 20 34 45 46 47 48 49 50 51 52 53 54 55 56 57 65 66 68 70 72 73 80 81 
1 2 3 4 6 7 8 9 11 13 19 20 34 45 46 47 48 49 50 51 52 53 54 55 56 57 65 66 68 70 72 73 80 81 
1 2 3 4 6 7 8 9 11 13 19 20 34 45 46 47 48 49 50 51 52 53 54 55 56 57 65 66 68 70 72 73 80 81 
1 2 3 4 6 7 8 9 11 13 19 20 34 45 46 47 48 49 50 51 52 53 54 55 56 57 65 66 68 70 72 73 80 81 
1 2 3 4 6 7 8 9 11 13 19 20 34 45 46 47 48 49 50 51 52 53 54 55 56 57 65 66 68 70 72 73 80 81 
1 2 3 4 6 7 8 9 11 13 19 20 34 45 46 47 48 49 50 51 52 53 54 55 56 57 65 66 68 70 72 73 80 81 
1 2 3 4 6 7 8 9 11 13 19 20 34 45 46 47 48 49 50 51 52 53 54 55 56 57 65 66 68 70 72 73 80 81 
1 2 3 4 6 7 8 9 11 13 19 20 34 45 46 47 48 49 50 51 52 53 54 55 56 57 65 66 68 70 72 73 80 81 
1 2 3 4 6 7 8 9 11 13 19 20 34 45 46 47 48 49 50 51 52 53 54 55 56 57 65 66 68 70 72 73 78 80 81 
1 2 3 4 6 7 8 9 11 13 19 20 34 45 46 47 48 49 50 51 52 53 54 55 56 57 65 66 68 70 72 73 78 80 81 
1 2 3 4 6 7 8 9 11 13 19 20 34 45 46 47 48 49 50 51 52 53 54 55 56 57 65 66 68 70 72 73 78 80 81 
1 2 3 4 6 7 8 9 11 13 19 20 34 45 46 47 48 49 50 51 52 53 54 55 56 57 65 66 68 70 72 73 78 80 81 
1 2 3 4 6 7 8 9 11 13 19 20 34 45 46 47 48 49 50 51 52 53 54 55 56 57 65 66 68 70 72 73 78 80 81 
1 2 3 4 6 7 8 9 11 13 19 20 34 45 46 47 48 49 50 51 52 53 54 55 56 57 65 66 68 70 72 73 78 80 81 
1 2 3 4 6 7 8 9 11 13 19 20 34 45 46 47 48 49 50 51 52 53 54 55 56 57 65 66 68 70 72 73 78 80 81 
1 2 3 4 6 7 8 9 11 13 19 20 34 45 46 47 48 49 50 51 52 53 54 55 56 57 65 66 68 70 72 73 78 80 81 
1 2 3 4 6 7 8 9 11 13 19 20 34 45 46 47 48 49 50 51 52 53 54 55 56 57 65 66 68 70 72 73 78 80 81 
1 2 3 4 6 7 8 9 11 13 19 20 34 45 46 47 48 49 50 51 52 53 54 55 56 57 65 66 68 70 72 73 78 80 81 
1 2 3 4 6 7 8 9 11 13 19 20 34 45 46 47 48 49 50 51 52 53 54 55 56 57 65 66 68 70 72 73 80 81 
1 2 3 4 6 7 8 9 11 13 19 20 34 45 46 47 48 49 50 51 52 53 54 55 56 57 65 66 68 70 72 73 80 81 
1 2 3 4 6 7 8 9 11 13 19 20 34 45 46 47 48 49 50 51 52 53 54 55 56 57 65 66 68 70 72 73 80 81 
1 2 3 4 6 7 8 9 11 13 19 20 34 45 46 47 48 49 50 51 52 53 54 55 56 57 65 66 68 70 72 73 80 81 
1 2 3 4 6 7 8 9 11 13 19 20 34 45 46 47 48 49 50 51 52 53 54 55 56 57 65 66 68 70 72 73 80 81 
1 2 3 4 6 7 8 9 11 13 19 20 34 45 46 47 48 49 50 51 52 53 54 55 56 57 65 66 68 70 72 73 80 81 
1 2 3 4 6 7 8 9 11 13 19 20 34 45 46 47 48 49 50 51 52 53 54 55 56 57 65 66 68 70 72 73 80 81 
1 2 3 4 6 7 8 9 11 13 19 20 34 45 46 47 48 49 50 51 52 53 54 55 56 57 65 66 68 70 72 73 80 81 
1 2 3 4 6 7 8 9 11 13 19 20 34 45 46 47 48 49 50 51 52 53 54 55 56 57 65 66 68 70 72 73 80 81 
1 2 3 4 6 7 8 9 11 13 19 20 34 45 46 47 48 49 50 51 52 53 54 55 56 57 65 66 68 70 72 73 80 81 
1 2 3 4 6 7 8 9 11 13 19 20 34 45 46 47 48 49 50 51 52 53 54 55 56 57 65 66 68 70 72 73 78 80 81 
1 2 3 4 6 7 8 9 11 13 19 20 34 45 46 47 48 49 50 51 52 53 54 55 56 57 65 66 68 70 72 73 78 80 81 
1 2 3 4 6 7 8 9 11 13 19 20 34 45 46 47 48 49 50 51 52 53 54 55 56 57 65 66 68 70 72 73 78 80 81 
1 2 3 4 6 7 8 9 11 13 19 20 34 45 46 47 48 49 50 51 52 53 54 55 56 57 65 66 68 70 72 73 78 80 81 
1 2 3 4 6 7 8 9 11 13 19 20 34 45 46 47 48 49 50 51 52 53 54 55 56 57 65 66 68 70 72 73 78 80 81 
1 2 3 4 6 7 8 9 11 13 19 20 34 45 46 47 48 49 50 51 52 53 54 55 56 57 65 66 68 70 72 73 78 80 81 
1 2 3 4 6 7 8 9 11 13 19 20 34 45 46 47 48 49 50 51 52 53 54 55 56 57 65 66 68 70 72 73 78 80 81 
1 2 3 4 6 7 8 9 11 13 19 20 34 45 46 47 48 49 50 51 52 53 54 55 56 57 65 66 68 70 72 73 78 80 81 
1 2 3 4 6 7 8 9 11 13 19 20 34 45 46 47 48 49 50 51 52 53 54 55 56 57 65 66 68 70 72 73 78 80 81 
1 2 3 4 6 7 8 9 11 13 19 20 34 45 46 47 48 49 50 51 52 53 54 55 56 57 65 66 68 70 72 73 78 80 81 
1 2 3 4 6 7 8 9 11 13 19 20 34 45 46 47 48 49 50 51 52 53 54 55 56 57 65 66 68 70 72 73 80 81 
1 2 3 4 6 7 8 9 11 13 19 20 34 45 46 47 48 49 50 51 52 53 54 55 56 57 65 66 68 70 72 73 80 81 
1 2 3 4 6 7 8 9 11 13 19 20 34 45 46 47 48 49 50 51 52 53 54 55 56 57 65 66 68 70 72 73 80 81 
1 2 3 4 6 7 8 9 11 13 19 20 34 45 46 47 48 49 50 51 52 53 54 55 56 57 65 66 68 70 72 73 80 81 
1 2 3 4 6 7 8 9 11 13 19 20 34 45 46 47 48 49 50 51 52 53 54 55 56 57 65 66 68 70 72 73 80 81 
1 2 3 4 6 7 8 9 11 13 19 20 34 45 46 47 48 49 50 51 52 53 54 55 56 57 65 66 68 70 72 73 80 81 
1 2 3 4 6 7 8 9 11 13 19 20 34 45 46 47 48 49 50 51 52 53 54 55 56 57 65 66 68 70 72 73 80 81 
1 2 3 4 6 7 8 9 11 13 19 20 34 45 46 47 48 49 50 51 52 53 54 55 56 57 65 66 68 70 72 73 80 81 
1 2 3 4 6 7 8 9 11 13 19 20 34 45 46 47 48 49 50 51 52 53 54 55 56 57 65 66 68 70 72 73 80 81 
1 2 3 4 6 7 8 9 11 13 19 20 34 45 46 47 48 49 50 51 52 53 54 55 56 57 65 66 68 70 72 73 80 81 
1 2 3 4 6 7 8 9 11 13 19 20 34 45 46 47 48 49 50 51 52 53 54 55 56 57 65 66 68 70 72 73 78 80 81 
1 2 3 4 6 7 8 9 11 13 19 20 34 45 46 47 48 49 50 51 52 53 54 55 56 57 65 66 68 70 72 73 78 80 81 
1 2 3 4 6 7 8 9 11 13 19 20 34 45 46 47 48 49 50 51 52 53 54 55 56 57 65 66 68 70 72 73 78 80 81 
1 2 3 4 6 7 8 9 11 13 19 20 34 45 46 47 48 49 50 51 52 53 54 55 56 57 65 66 68 70 72 73 78 80 81 
1 2 3 4 6 7 8 9 11 13 19 20 34 45 46 47 48 49 50 51 52 53 54 55 56 57 65 66 68 70 72 73 78 80 81 
1 2 3 4 6 7 8 9 11 13 19 20 34 45 46 47 48 49 50 51 52 53 54 55 56 57 65 66 68 70 72 73 78 80 81 
1 2 3 4 6 7 8 9 11 13 19 20 34 45 46 47 48 49 50 51 52 53 54 55 56 57 65 66 68 70 72 73 78 80 81 
1 2 3 4 6 7 8 9 11 13 19 20 34 45 46 47 48 49 50 51 52 53 54 55 56 57 65 66 68 70 72 73 78 80 81 
1 2 3 4 6 7 8 9 11 13 19 20 34 45 46 47 48 49 50 51 52 53 54 55 56 57 65 66 68 70 72 73 78 80 81 
1 2 3 4 6 7 8 9 11 13 19 20 34 45 46 47 48 49 50 51 52 53 54 55 56 57 65 66 68 70 72 73 78 80 81 
1 2 3 4 6 7 8 9 11 13 19 20 34 45 46 47 48 49 50 51 52 53 54 55 56 57 65 66 68 70 72 73 80 81 
1 2 3 4 6 7 8 9 11 13 19 20 34 45 46 47 48 49 50 51 52 53 54 55 56 57 65 66 68 70 72 73 80 81 
1 2 3 4 6 7 8 9 11 13 19 20 34 45 46 47 48 49 50 51 52 53 54 55 56 57 65 66 68 70 72 73 80 81 
1 2 3 4 6 7 8 9 11 13 19 20 34 45 46 47 48 49 50 51 52 53 54 55 56 57 65 66 68 70 72 73 80 81 
1 2 3 4 6 7 8 9 11 13 19 20 34 45 46 47 48 49 50 51 52 53 54 55 56 57 65 66 68 70 72 73 80 81 
1 2 3 4 6 7 8 9 11 13 19 20 34 45 46 47 48 49 50 51 52 53 54 55 56 57 65 66 68 70 72 73 80 81 
1 2 3 4 6 7 8 9 11 13 19 20 34 45 46 47 48 49 50 51 52 53 54 55 56 57 65 66 68 70 72 73 80 81 
1 2 3 4 6 7 8 9 11 13 19 20 34 45 46 47 48 49 50 51 52 53 54 55 56 57 65 66 68 70 72 73 80 81 
1 2 3 4 6 7 8 9 11 13 19 20 34 45 46 47 48 49 50 51 52 53 54 55 56 57 65 66 68 70 72 73 80 81 
1 2 3 4 6 7 8 9 11 13 19 20 34 45 46 47 48 49 50 51 52 53 54 55 56 57 65 66 68 70 72 73 80 81 
1 2 3 4 6 7 8 9 11 13 19 20 34 45 46 47 48 49 50 51 52 53 54 55 56 57 65 66 68 70 72 73 78 80 81 
1 2 3 4 6 7 8 9 11 13 19 20 34 45 46 47 48 49 50 51 52 53 54 55 56 57 65 66 68 70 72 73 78 80 81 
1 2 3 4 6 7 8 9 11 13 19 20 34 45 46 47 48 49 50 51 52 53 54 55 56 57 65 66 68 70 72 73 78 80 81 
1 2 3 4 6 7 8 9 11 13 19 20 34 45 46 47 48 49 50 51 52 53 54 55 56 57 65 66 68 70 72 73 78 80 81 
1 2 3 4 6 7 8 9 11 13 19 20 34 45 46 47 48 49 50 51 52 53 54 55 56 57 65 66 68 70 72 73 78 80 81 
1 2 3 4 6 7 8 9 11 13 19 20 34 45 46 47 48 49 50 51 52 53 54 55 56 57 65 66 68 70 72 73 78 80 81 
1 2 3 4 6 7 8 9 11 13 19 20 34 45 46 47 48 49 50 51 52 53 54 55 56 57 65 66 68 70 72 73 78 80 81 
1 2 3 4 6 7 8 9 11 13 19 20 34 45 46 47 48 49 50 51 52 53 54 55 56 57 65 66 68 70 72 73 78 80 81 
1 2 3 4 6 7 8 9 11 13 19 20 34 45 46 47 48 49 50 51 52 53 54 55 56 57 65 66 68 70 72 73 78 80 81 
1 2 3 4 6 7 8 9 11 13 19 20 34 45 46 47 48 49 50 51 52 53 54 55 56 57 65 66 68 70 72 73 78 80 81 
1 2 3 4 6 7 8 9 11 13 19 20 34 45 46 47 48 49 50 51 52 53 54 55 56 57 65 66 68 70 72 73 80 81 
1 2 3 4 6 7 8 9 11 13 19 20 34 45 46 47 48 49 50 51 52 53 54 55 56 57 65 66 68 70 72 73 80 81 
1 2 3 4 6 7 8 9 11 13 19 20 34 45 46 47 48 49 50 51 52 53 54 55 56 57 65 66 68 70 72 73 80 81 
1 2 3 4 6 7 8 9 11 13 19 20 34 45 46 47 48 49 50 51 52 53 54 55 56 57 65 66 68 70 72 73 80 81 
1 2 3 4 6 7 8 9 11 13 19 20 34 45 46 47 48 49 50 51 52 53 54 55 56 57 65 66 68 70 72 73 80 81 
1 2 3 4 6 7 8 9 11 13 19 20 34 45 46 47 48 49 50 51 52 53 54 55 56 57 65 66 68 70 72 73 80 81 
1 2 3 4 6 7 8 9 11 13 19 20 34 45 46 47 48 49 50 51 52 53 54 55 56 57 65 66 68 70 72 73 80 81 
1 2 3 4 6 7 8 9 11 13 19 20 34 45 46 47 48 49 50 51 52 53 54 55 56 57 65 66 68 70 72 73 80 81 
1 2 3 4 6 7 8 9 11 13 19 20 34 45 46 47 48 49 50 51 52 53 54 55 56 57 65 66 68 70 72 73 80 81 
1 2 3 4 6 7 8 9 11 13 19 20 34 45 46 47 48 49 50 51 52 53 54 55 56 57 65 66 68 70 72 73 80 81 
1 2 3 4 6 7 8 9 11 13 19 20 34 45 46 47 48 49 50 51 52 53 54 55 56 57 65 66 68 70 72 73 78 80 81 
1 2 3 4 6 7 8 9 11 13 19 20 34 45 46 47 48 49 50 51 52 53 54 55 56 57 65 66 68 70 72 73 78 80 81 
1 2 3 4 6 7 8 9 11 13 19 20 34 45 46 47 48 49 50 51 52 53 54 55 56 57 65 66 68 70 72 73 78 80 81 
1 2 3 4 6 7 8 9 11 13 19 20 34 45 46 47 48 49 50 51 52 53 54 55 56 57 65 66 68 70 72 73 78 80 81 
1 2 3 4 6 7 8 9 11 13 19 20 34 45 46 47 48 49 50 51 52 53 54 55 56 57 65 66 68 70 72 73 78 80 81 
1 2 3 4 6 7 8 9 11 13 19 20 34 45 46 47 48 49 50 51 52 53 54 55 56 57 65 66 68 70 72 73 78 80 81 
1 2 3 4 6 7 8 9 11 13 19 20 34 45 46 47 48 49 50 51 52 53 54 55 56 57 65 66 68 70 72 73 78 80 81 
1 2 3 4 6 7 8 9 11 13 19 20 34 45 46 47 48 49 50 51 52 53 54 55 56 57 65 66 68 70 72 73 78 80 81 
1 2 3 4 6 7 8 9 11 13 19 20 34 45 46 47 48 49 50 51 52 53 54 55 56 57 65 66 68 70 72 73 78 80 81 
1 2 3 4 6 7 8 9 11 13 19 20 34 45 46 47 48 49 50 51 52 53 54 55 56 57 65 66 68 70 72 73 78 80 81 
1 2 3 4 6 7 8 9 11 13 19 20 34 45 46 47 48 49 50 51 52 53 54 55 56 57 65 66 68 70 72 73 80 81 
1 2 3 4 6 7 8 9 11 13 19 20 34 45 46 47 48 49 50 51 52 53 54 55 56 57 65 66 68 70 72 73 80 81 
1 2 3 4 6 7 8 9 11 13 19 20 34 45 46 47 48 49 50 51 52 53 54 55 56 57 65 66 68 70 72 73 80 81 
1 2 3 4 6 7 8 9 11 13 19 20 34 45 46 47 48 49 50 51 52 53 54 55 56 57 65 66 68 70 72 73 80 81 
1 2 3 4 6 7 8 9 11 13 19 20 34 45 46 47 48 49 50 51 52 53 54 55 56 57 65 66 68 70 72 73 80 81 
1 2 3 4 6 7 8 9 11 13 19 20 34 45 46 47 48 49 50 51 52 53 54 55 56 57 65 66 68 70 72 73 80 81 
1 2 3 4 6 7 8 9 11 13 19 20 34 45 46 47 48 49 50 51 52 53 54 55 56 57 65 66 68 70 72 73 80 81 
1 2 3 4 6 7 8 9 11 13 19 20 34 45 46 47 48 49 50 51 52 53 54 55 56 57 65 66 68 70 72 73 80 81 
1 2 3 4 6 7 8 9 11 13 19 20 34 45 46 47 48 49 50 51 52 53 54 55 56 57 65 66 68 70 72 73 80 81 
